5798
5598
1273
694
1790
2859
1987
4537
634
2527
443
2366
451
2946
5734
132
4180
2804
4300
823
2904
2158
4423
3784
1261
5918
3140
4759
441
4467
2029
4579
1818
178
2135
3163
5696
3374
1671
4303
1303
5493
2394
5635
99
2379
97
3021
5390
2920
3414
3324
4218
2522
302
688
481
4513
784
4653
4177
133
2630
1829
5898
3716
36
152
848
5202
776
1731
2109
1426
2205
1397
5579
2956
3440
3963
3179
5403
5464
2930
4528
4236
5883
1059
3210
5877
4276
2075
3498
5477
3310
5231
5804
2799
4415
4614
830
2013
4116
284
1518
4408
5795
345
1342
4894
874
2086
1069
3379
4074
2720
599
5343
3839
5243
4118
3255
1021
2076
3085
3152
2960
3110
811
3620
4642
3824
1967
1524
3755
5388
4052
2306
5273
2011
853
4644
1553
1942
277
70
326
2163
3482
739
3387
2177
3741
4189
3023
1111
4623
5504
5328
3350
5665
1604
5280
2782
3411
2915
4038
3576
46
648
1745
3
5781
4662
5669
3418
532
1470
4575
4598
2520
665
1748
2840
2751
77
5472
4691
3147
5939
1224
5980
2069
1668
709
466
2180
5161
3915
2560
5431
1515
963
1480
5445
2727
5766
4590
5284
3665
328
5423
2579
2398
4406
465
2936
4335
2431
5680
1310
4448
5312
1345
4326
1365
4975
3164
5699
930
1295
4995
4749
1583
2264
3894
2004
1890
3954
1952
4136
5366
1897
5332
2447
3700
4347
438
1243
5775
5494
3443
2672
2784
2880
3981
5042
101
2189
2448
5187
3447
5909
771
700
3265
3312
1827
2122
2685
2273
4696
4338
5104
4117
5221
4573
4083
4371
3961
5746
5518
1300
3204
4902
1101
4350
1009
4962
1907
1503
750
5484
5270
1130
2303
3501
2524
5603
703
4668
4984
5747
2843
1080
4535
1452
3696
731
5641
5239
3706
1719
5520
4877
5242
4344
4273
106
278
226
536
2098
7
2426
18
5809
1291
2342
1906
5227
4076
5719
4059
3343
890
5901
2213
5707
3491
2931
2955
312
4231
3014
1971
4095
4299
365
1414
1143
3633
5541
4934
5333
4832
1699
695
5009
3508
2953
2986
2746
5117
3042
1813
2438
3554
420
2844
3967
1083
4380
3200
4964
1492
3084
2853
5774
3982
3370
242
5658
3832
5986
2811
5006
3450
4643
4666
3795
5643
2640
5339
2929
3509
2222
1338
2401
1356
4094
3129
4453
804
292
5264
2981
3817
4836
3690
3338
529
473
5636
4141
5046
4679
1763
4680
1959
4282
2432
2500
3641
2729
2364
200
2935
4769
2343
461
5377
1357
273
1392
2365
4793
4489
742
2609
887
1962
5646
4566
378
4815
1113
4497
1964
3131
5588
3836
1363
2462
936
2658
3167
1278
1017
4060
2806
2156
545
3031
5927
1914
3957
2255
2507
5011
1886
992
5812
4933
49
5639
1476
5615
19
1781
4809
4290
3114
2363
678
4250
3714
5869
2877
1835
3268
4151
912
2206
1918
4005
3761
145
2995
491
5486
5886
1001
3329
5506
1257
4806
3219
4871
4943
2182
4825
2698
2969
2385
4479
5206
5103
4991
4328
63
4667
2580
4225
237
561
3348
5424
4115
1298
1762
42
893
1676
5982
2530
3468
5019
851
1218
4543
4592
791
5810
3025
3602
3585
2097
5741
5292
767
1038
224
4999
1646
1126
1792
1921
2024
3289
1689
3051
4685
4875
2619
3092
2318
33
4961
1837
3658
5020
3162
2320
1020
474
2745
1675
2170
5105
954
4947
5499
5586
431
171
1594
430
3139
4242
3721
4317
845
1105
3749
2770
4700
2669
3879
2396
2539
3297
2663
3781
4534
4602
5056
4212
1483
2067
2338
4360
5314
5979
4501
1875
205
5149
5687
1451
1961
1187
331
5307
2671
3673
2265
1869
5956
3088
3534
1929
1502
2829
4493
4610
143
5752
896
1287
1402
790
485
3102
4659
527
4533
4609
4021
1110
3159
5608
1915
4253
858
3398
1530
1431
4856
5694
3142
4185
5555
2913
2247
911
3490
3291
3339
2191
4808
5254
754
4780
5894
1526
4980
3903
3190
924
319
3666
5248
64
3683
100
5816
5769
4576
5337
28
1692
3395
2058
2921
5941
2323
1751
1497
5581
2351
3827
5754
4664
2947
3503
4695
2012
5961
2897
3555
1674
2501
5932
516
2039
3012
16
5392
4281
835
722
4432
1160
5298
5780
3876
5995
4202
5001
3575
2725
1572
1279
3767
3249
476
3465
3822
4895
4230
651
1142
5016
1259
2573
1346
3807
2287
1047
5296
1741
5794
1740
934
1251
165
5811
4358
4827
819
1015
393
2551
2288
3625
2132
1774
2820
5873
2118
3566
2837
1035
780
5112
953
3313
3499
2141
5686
5086
907
1103
5704
2094
5815
910
4496
627
1830
2393
5340
4307
394
781
985
134
1438
4859
5357
3013
4652
1615
3287
4594
3417
5349
659
5713
1485
3135
1323
4057
4485
2529
2333
5767
4148
2570
2610
1308
1663
2686
5075
1660
1958
353
1058
1235
5572
1179
3057
1079
1385
3496
1670
1161
3158
4710
507
862
4500
3972
952
5749
2268
429
5870
2120
4133
5621
1037
4885
2538
2924
5181
2102
2568
987
3495
3895
2534
4741
3869
3844
5784
4670
5841
4023
3809
1856
3794
2084
3984
4874
717
4080
5099
1649
5145
1484
2649
5866
2080
4935
1248
2958
427
4249
391
449
4449
847
4619
1419
3592
5174
4655
1937
5610
454
2114
948
5196
5742
5557
5054
5079
2871
3948
5210
1552
730
3757
1036
5176
3136
1943
881
4569
3776
2548
84
1883
621
329
998
4946
1643
2702
1321
3087
2926
1650
5491
4478
4684
1805
2484
555
2197
3434
1018
3066
1122
5889
4591
4262
2753
5919
1156
2666
4699
2188
3541
266
2990
5926
3993
3063
3788
2964
1804
2941
4865
3004
951
3441
4499
669
4457
1816
3301
2474
457
5931
5214
1504
1194
1739
1120
625
4316
5300
2918
1702
4113
871
318
1019
5714
2834
1532
4689
2245
2667
4819
4007
5041
