3167
2923
626
3485
4238
299
2518
2421
1772
2738
5767
3462
1782
4896
274
5453
1162
248
4856
3961
2928
78
3355
2670
5484
2606
381
5582
4889
3982
223
3343
2365
2977
432
1392
617
1713
4024
3018
4147
3424
4768
1671
4888
3489
1231
2598
5701
188
116
5788
147
3679
2012
5955
2693
5180
3554
4203
4819
3725
3168
3056
2022
1958
2341
5010
3195
1483
4253
1983
476
1722
1558
3248
872
3660
3925
411
2281
3084
835
4779
2664
1054
1330
330
507
2141
2465
4148
3090
5706
2669
2980
4797
2794
3087
671
4843
4355
4951
5488
3730
3113
1936
670
2699
4822
795
1470
4877
5704
2356
2256
4627
572
3777
2310
2634
1847
2481
5903
5277
3117
1119
3484
3450
5755
2469
3700
2098
4169
4458
4990
4190
3614
3847
5348
5500
1200
5997
1924
3555
905
2936
1509
3089
957
5074
3642
482
848
950
5251
5542
5461
1026
4501
4812
2749
45
5795
2339
3519
1302
2740
998
4479
3800
4069
5360
5678
3927
2139
3558
5187
1547
3663
1428
4373
1684
5071
5202
2907
4300
2646
4398
3236
355
4029
1404
3569
2882
2790
4871
3312
5377
5411
2049
696
1169
4719
4052
389
3754
0
2791
1450
1761
3065
5061
2546
3693
4950
2020
3242
4192
3577
5405
493
3272
2513
1226
1521
1077
1282
3533
3319
2317
1629
2609
118
3530
4391
2769
2093
5480
5793
744
5731
3362
1968
4980
3531
4683
5872
3552
5939
1210
4330
3309
5772
4977
2254
3209
2363
1102
1370
2267
3641
2315
606
4894
4122
4325
4935
2138
3124
2649
350
3994
3909
4019
928
1479
2290
3860
5092
1394
4218
5982
134
3010
3912
2072
1272
3179
5620
4311
1575
793
5799
543
5425
254
4642
5295
3742
3235
238
1878
3765
251
5078
756
1067
3810
3962
2711
1888
228
2920
536
938
522
376
5789
5037
60
1687
4320
599
3511
962
3451
1465
2797
1400
2860
2742
5462
4440
3296
2619
3764
5448
4979
2381
4898
3062
1765
628
1172
5677
4247
2532
4919
3263
4377
3050
311
3035
1643
1032
2957
4450
668
3762
5430
295
2187
428
1451
1002
661
3914
3943
3863
5711
1742
5671
5249
4317
1421
206
649
3771
5004
4411
1336
3816
513
1207
5556
4842
1338
1029
634
2143
2639
1853
449
3218
4012
2781
3931
5402
2367
2155
600
5800
81
1933
4543
1910
3329
4806
4496
2763
5803
1212
2768
1973
3016
4514
1707
175
4004
141
5823
4242
720
2076
2685
455
812
5897
5824
2102
4225
4858
3266
5956
4715
5741
5618
3838
197
4706
2730
4934
1422
2859
5020
3956
2856
3783
5059
266
5580
2551
3564
1995
5925
1843
1115
5811
5374
1215
310
1486
1993
3849
3786
1717
4372
4110
4088
3694
2836
3473
796
1269
774
4591
1705
5135
2990
4486
5736
1383
4880
2888
2723
5977
4327
3193
5797
2844
1257
3413
3008
5969
1387
5133
5665
5437
5368
4751
2944
854
1529
5140
1401
2828
4893
4177
87
5331
1637
4408
3415
1859
3654
2095
5256
3487
5953
4875
2327
1682
3840
2269
2630
5397
2537
123
3851
5432
4162
5362
2773
4676
3937
3727
3984
3252
4047
3695
712
3801
3858
2278
5764
4133
5313
5564
331
5816
4472
5698
1895
4540
3315
4700
5520
3281
1013
4208
4563
4276
4333
4341
1595
2045
5466
1904
3684
1206
2535
5691
4691
2570
3375
3580
4818
4134
5550
5834
1809
2565
5557
1676
1908
4552
1159
1816
2765
210
942
2115
3038
166
5929
3217
5113
1515
1335
2092
4297
5947
5563
1967
685
1934
3658
384
1019
5889
1947
5674
4378
1424
4598
4886
1631
4384
5396
2111
2380
3818
3639
567
2636
2462
237
1698
4448
4394
2521
3710
1840
4206
1094
2229
901
1436
5934
5104
4604
5064
2712
1533
4730
1072
5846
1566
1791
3139
3101
2654
4492
1990
3019
5507
3215
3152
1702
4744
5808
2010
5805
5836
911
2562
5949
5850
2915
3030
1874
373
4014
153
5433
4690
461
1322
5936
2834
287
2536
4947
4181
1952
935
5522
4828
5223
968
4625
1975
1750
315
4081
4135
5609
538
2885
4746
2259
1441
4829
791
2219
392
2589
4901
5574
1883
2533
864
3279
5688
3122
1619
2255
5054
4214
1929
5380
2147
1914
4600
5583
1998
5162
1747
4689
3123
3340
3958
5208
2988
1651
5196
34
2372
3116
2499
783
16
4996
3768
853
689
1393
4734
14
1283
348
5067
5660
5353
5312
2949
5387
4009
2705
2873
523
4653
5510
5056
3337
2435
4150
4290
224
1299
1810
1377
3373
3093
5992
3292
3344
2731
1374
5942
708
5783
1389
163
5570
1527
3132
3989
5390
784
5081
4427
5604
2503
3105
2862
5323
2489
5694
4001
3637
932
4994
2508
4915
5126
4352
4106
4422
4456
282
2441
1036
436
5782
3227
2568
1794
4483
728
2032
4393
3885
3593
5579
4748
1982
601
498
757
4447
772
5869
4292
2579
4164
587
5297
5822
3529
863
3712
1720
380
2279
2823
2473
2767
5979
4773
5595
3006
2039
742
3629
3760
5561
5094
3431
1147
902
710
3303
4738
3957
939
492
2113
5304
1402
3541
5029
2702
485
983
3584
1634
4680
1116
5470
5227
1586
4049
1868
3659
1937
1259
4807
1613
3509
3323
4366
4740
806
1803
2792
1519
3631
3916
1081
1727
2334
1111
3438
4623
1920
1059
2962
502
4993
5737
172
3047
2003
909
678
2468
3892
2541
5305
2122
4354
2379
5662
908
5695
693
5272
5449
645
709
2747
5451
4387
3678
2884
3744
4966
5539
2011
1185
5450
5632
2509
5070
441
844
4692
1104
2456
71
4153
3177
2552
4560
5494
1559
1298
1777
985
2875
2557
4881
1246
5378
4918
695
3865
4681
936
1244
5829
260
5468
1813
3633
3021
5385
4074
2112
1740
59
2992
5813
2302
4847
2563
4522
2442
5946
5918
824
2703
2698
2739
1946
3891
3734
4873
1790
5460
3354
4260
3901
1248
239
5697
1649
2245
4809
3194
5134
4952
3206
2829
1360
4899
2853
3525
1080
2180
202
2086
4866
5945
3061
3553
4175
4324
5325
2467
1223
4837
1222
4068
4661
2322
278
5262
816
5091
5130
5229
1925
3685
5319
1677
972
3400
2891
2672
3856
1135
3640
1055
1820
878
4704
5548
5938
5138
4688
5401
2569
1931
3171
5156
5026
3563
3950
5871
5100
1538
3597
4637
986
2906
5963
204
3505
2213
161
1970
5895
4490
5000
3409
53
1795
1274
2167
4202
2161
3353
5420
4343
4452
884
5457
4536
1123
2851
5326
5314
4077
1053
3407
185
2584
3181
5558
2289
5022
4189
1959
4946
3608
5224
2304
2929
2978
4359
625
2867
3709
4936
2689
5628
1347
724
1014
5527
3268
2679
1316
4184
941
3163
2825
160
5246
5636
1751
1233
841
1403
366
1857
5240
1192
5013
5745
815
2719
750
3474
4042
2001
5670
2110
3289
4757
367
4105
28
3214
2390
3447
4825
2821
3092
2353
904
3527
5519
503
3977
3007
1627
269
1452
4227
3798
875
1700
5525
3717
3270
5086
922
5689
866
4159
767
4622
5197
5408
3294
447
385
2409
4182
171
5645
103
3389
3328
5626
1699
4431
2475
3910
1666
3718
2206
1341
910
1940
2741
4831
3535
4191
1099
1536
3005
1632
1357
621
4579
2412
4753
3636
2950
1815
4136
5769
2648
1621
2560
3405
1238
5220
354
2479
3426
821
3314
2342
4445
1396
2500
5315
361
1105
1487
3846
2660
4624
1718
4145
3456
3680
4143
4786
5066
2344
4274
4138
5160
3913
5856
5757
893
1467
3169
5386
2575
3054
5490
5967
4314
2392
84
1563
879
5631
5475
2085
4312
196
4231
2148
5043
5252
2075
4849
386
4248
4178
1499
5790
2803
2610
3610
5806
4462
1935
3767
1332
2450
5237
3876
5322
5214
2338
2814
1076
5082
2404
3174
589
5827
4095
4854
1092
4561
1405
271
5418
4279
882
2166
4885
3293
3574
1989
4172
1154
4396
1488
3703
2746
5267
5537
3544
5862
5746
4307
2325
4958
4132
4108
4424
2900
2474
1241
3134
2932
5073
697
2953
4457
2894
2899
2855
834
2062
5719
1435
5882
5899
5733
2922
4621
5306
4478
5181
5399
1674
2631
1267
3773
5545
4389
4695
4997
4937
3598
2497
3627
754
2014
4439
5667
1923
3954
5937
5472
1258
3324
1818
4306
4648
3401
5863
4538
1640
2125
3265
1850
4698
2756
3071
5807
5137
3180
5145
2782
1355
4289
1367
573
3802
3713
2129
5089
2006
1911
1309
4096
487
2207
5129
3825
3376
2134
1511
2029
1507
4578
2374
1865
1494
4907
2517
2496
2047
307
5546
833
1165
5124
1916
1237
31
5673
1038
306
1907
3711
3630
5978
5257
4617
4023
4285
666
5830
3201
1270
4611
1000
5404
2676
4357
1284
2501
2624
4832
1289
108
3441
9
365
5878
3469
746
4792
5994
2079
1817
341
1353
4005
3256
5794
1406
3866
1981
2106
1369
3588
5215
4739
5242
1776
4926
1928
4518
324
3750
5771
2783
2221
2109
1719
1618
1074
988
1155
5258
382
4484
7
1085
5032
3736
4142
3126
5354
3970
5750
4551
1956
5999
946
2863
4868
5993
4400
5176
547
5499
519
700
1889
3222
1307
2872
3003
3475
4116
5342
1773
3758
5865
1866
5146
3903
4974
1339
2393
2195
489
5894
1167
1662
318
144
4239
2050
3864
1418
1839
4568
2065
1145
1190
4401
3508
3482
1617
1568
13
5406
4949
4284
1230
2118
3083
2515
4527
5398
412
3749
4539
3470
3799
5419
3069
424
1295
3478
2717
2449
165
4224
3731
3707
2913
4420
5725
3479
459
2067
4663
1328
3402
5669
4404
375
5907
4211
1439
5633
280
528
1855
4643
740
2197
4519
1058
4682
4989
2701
2097
1919
5656
1860
3295
2687
2031
2866
3393
1239
286
1596
4082
5605
390
4078
5273
2979
5901
978
1448
952
1087
4154
1187
2157
4542
4156
1565
4701
5403
4395
2444
321
1876
3106
735
173
1503
2422
465
2753
2037
1213
1591
250
5016
283
595
4104
880
4489
5627
404
23
2347
6
69
5407
5239
1478
4209
184
3133
4945
1006
3887
5881
2389
823
5529
2225
3452
4638
3898
4713
1352
3559
1455
2815
3436
262
5601
3188
5340
5778
5493
3336
5961
4749
3063
1224
2614
2209
346
733
3200
5087
5944
509
186
3144
2626
46
5324
2715
5320
1426
4402
5498
2357
4664
5927
4920
2706
1489
3547
2708
2846
2121
965
2397
1979
632
3244
3546
1941
603
5283
3993
1057
408
433
643
2370
545
4848
4709
1548
3895
1734
2083
1134
1587
1380
4409
3430
3318
4641
2581
5400
1197
2126
2658
1021
3055
4027
5334
5659
5740
4075
3969
2816
1363
2694
871
5057
1552
991
2078
3922
2613
2434
640
3464
2682
843
413
5647
1766
679
1974
5748
654
541
5998
2651
2345
5514
3097
1577
5298
4025
1127
608
1065
3683
486
1571
1648
5422
1781
4838
38
3963
535
624
614
2018
5641
1009
2849
5136
5439
3002
688
1388
1623
2071
817
2090
47
5293
686
916
1969
2361
1234
4349
3461
1580
4109
5436
3609
5301
308
4155
451
1166
745
578
2506
96
5371
1068
3275
5703
4574
4295
4034
5957
5294
4020
4413
5973
2490
3728
1061
2413
1725
2850
83
3184
3904
5535
5573
5826
2458
4137
3357
1738
4124
3137
2329
860
5496
4693
2671
2916
3231
2987
1453
4817
4269
2373
5148
101
302
1539
2554
1449
925
5167
4864
2074
846
1743
5111
2921
830
4194
25
1650
4983
4356
2548
442
5754
3567
4801
3276
2480
5512
3100
2720
521
1481
550
2131
63
4554
3635
3741
3696
5083
3720
393
1775
5565
1303
5446
917
4254
3187
4525
2300
2721
3264
2729
5030
5681
3842
1668
399
1913
3017
711
5538
3545
557
1783
4644
1851
3988
5192
267
3664
620
672
1482
5169
3670
3568
2657
5415
107
889
1553
565
4931
4461
1921
1490
2520
1469
5381
1456
5363
2938
5147
2355
3782
4152
5367
3192
2559
3790
3491
4000
2700
2666
3928
3260
2198
3971
3983
4570
468
317
4614
4250
420
586
5835
3624
2547
264
3118
5236
1084
3952
954
3972
177
2845
1793
2647
1564
3949
2764
1951
3198
2869
4960
5039
2744
2966
2320
1196
5812
5687
5592
5904
1266
2182
3176
5732
2583
4463
2897
5661
1514
1861
610
2328
4099
5356
234
2280
2145
4573
4762
4804
4714
3421
622
3884
3119
2986
3861
4199
2970
3406
1704
5517
51
3894
2021
217
915
4468
2774
2309
1786
5551
1308
629
5857
3721
1268
4044
3756
3537
1199
3058
4879
544
82
3827
5379
4526
357
1620
1433
3618
2175
4791
5855
5528
244
158
5300
4006
5751
48
3254
3934
2094
5118
2958
2201
1963
2531
4541
1528
5024
3240
3948
5302
5471
1531
3755
3868
4057
4987
2350
3159
4305
5625
4219
131
770
5455
1570
3523
5096
570
5102
5114
3147
227
3000
3445
2733
1778
2249
2212
3247
4157
3655
1313
1218
2993
5351
4471
203
5231
2053
5443
4616
4679
3779
2470
1296
243
3917
4658
5435
76
877
5477
2431
559
638
5851
775
1819
146
3371
5847
1680
3130
3549
2200
1590
3893
1118
3878
281
5063
2652
4587
3460
3603
4245
4998
54
727
2755
1574
32
605
2123
1337
862
891
723
3283
2486
5983
527
5157
154
554
3408
4338
167
2491
4793
4647
3921
5980
3634
926
3752
4056
4548
4055
940
5615
2046
3049
1143
4163
5707
4070
4725
3583
4473
229
3465
5025
4775
3334
518
4197
2174
4981
268
4674
3871
4482
5270
3855
29
1733
5168
3290
3819
1607
4810
2726
3862
1600
1131
2806
1599
5985
4241
1420
1502
151
5278
4474
4139
3308
5952
2784
3285
899
747
5365
4301
56
3367
3675
5622
1211
4167
1186
2937
2807
61
4278
4435
4488
1262
5376
4846
4953
2577
1871
2530
826
1673
805
3277
3724
5658
1368
524
2668
1079
829
2220
410
5230
5263
2324
4466
4697
4814
450
2066
2215
4418
4655
1744
5303
2399
2901
4188
3333
4046
383
1125
257
5756
252
5774
3778
1016
4816
360
5705
5504
1126
3199
4093
5686
3463
2800
3428
719
2137
4050
4329
2607
4310
3674
2077
5068
4397
5916
801
3219
5714
953
828
4331
2459
5393
552
5464
1735
5833
4375
3143
4948
3203
1524
1675
5050
1378
4126
4530
2793
1652
5045
3420
4038
4511
683
3504
2538
2786
2637
5171
2690
4712
4267
2839
4039
1646
787
1624
4033
3155
1122
766
540
3540
3647
5602
943
3327
3
837
10
145
4747
2457
2998
4444
2485
785
2237
4174
5369
215
1635
5497
5932
5429
2801
150
3483
1678
4939
4991
3467
5600
5554
5989
3468
3503
3626
3911
3661
233
67
1473
3615
2512
470
3896
2876
5287
4195
5962
4102
1329
2716
3834
2612
1890
421
2240
811
5080
5110
3364
343
3208
4347
3073
1060
1706
5682
1579
1837
2297
1007
312
473
2136
5598
121
713
4243
2567
894
2776
2000
5596
2478
1726
5307
2735
5893
3046
3657
4262
4385
4882
5844
5587
2608
4608
890
852
1108
190
914
339
3397
4497
3029
4454
956
921
4618
2277
5040
4660
804
1948
2593
2911
3403
64
4092
2810
3490
2101
2398
2226
5818
1542
285
72
2127
4897
1836
5663
1746
566
667
1044
5773
5352
394
3821
4304
435
2266
3374
4959
3127
5232
128
4299
4567
2448
336
2445
448
3453
2192
5329
3757
1540
4932
4015
4601
1263
1856
2151
3033
1848
1659
2758
4083
2779
1327
2629
2681
931
1932
768
3879
4944
1988
2780
3906
5090
3538
5976
4303
119
1292
3365
3175
3599
4609
900
3652
1788
993
1764
1520
294
3045
4229
247
3604
2590
749
5617
4678
5922
3944
4922
4040
2108
1961
249
5591
3241
2257
3770
3307
2973
1679
569
912
2403
4978
5259
2917
3078
563
74
3591
3814
1205
5413
4863
2088
4222
4128
3278
517
5568
1806
2879
951
4671
3391
5837
5735
5540
2924
5931
3368
49
5646
4537
3940
4326
3784
368
1681
1359
5744
2832
4370
5642
2507
3875
3437
802
2185
4272
2734
1550
2162
699
5562
415
3557
1324
3189
5170
1517
3985
1999
1943
876
5972
4516
5048
111
3433
989
1805
5012
2777
653
1399
944
533
2234
3698
964
4776
2571
279
4265
1140
5699
77
1242
1048
1293
5255
4171
1
5389
2013
966
1390
401
2100
1608
2292
764
1301
3619
721
2437
478
2007
5364
3605
1812
1485
2511
3522
4353
2059
5280
5347
4962
907
230
2743
2691
892
2696
5015
5238
2264
2796
5722
934
2425
242
2976
194
1277
4610
1841
2493
4216
760
556
192
1343
2306
4051
1193
1807
3853
414
592
4826
886
5266
1349
1086
5649
858
1971
1477
1695
4018
4417
100
5151
4505
5051
2881
4766
4900
5696
2015
3526
495
1323
1825
4360
2133
5274
1785
5821
4789
4193
1361
5716
2211
5333
4928
2645
2218
4767
2351
4581
3761
1466
1150
574
1555
3733
5473
5820
1137
4733
4151
5424
4180
4924
2028
4446
5762
423
5917
5112
3987
4495
4319
2348
5804
1945
2027
1767
3410
2152
5577
616
4111
3833
5981
5709
304
1314
690
2752
5752
2688
5785
2483
1787
3924
1170
4434
4820
2427
4467
2436
4774
4281
4252
2751
1927
4487
2948
1614
4544
1748
2016
4392
52
1425
855
1168
3048
2981
958
1900
256
3991
731
4596
3941
2813
174
490
930
4120
2927
2945
5218
5474
2335
967
3715
3581
2352
3516
4118
5309
3476
5204
3108
4731
3068
1896
1279
3349
4972
2540
1797
636
5203
576
2096
3576
920
5027
5648
3359
4294
5296
1658
5650
5885
1051
5463
4506
322
4234
548
2600
2539
4634
706
5489
24
3662
4702
1647
2296
664
5637
1554
1802
1886
480
246
3836
3785
456
881
3960
1098
2770
3253
5289
3301
5518
1949
1027
3138
5765
1030
3668
1885
5900
4007
5515
2615
2484
50
1110
4432
3996
613
1379
5486
2035
58
92
4376
4961
1333
429
4043
675
4407
3513
3060
1965
4261
2178
2061
2307
4381
1759
726
2173
1997
4271
637
5874
3643
5780
5643
2283
1275
4612
5879
2874
2831
2933
4780
4857
1731
5877
1444
2684
4268
1417
5395
2887
1581
1214
3589
4365
2761
4850
15
2415
1480
1225
1411
1899
5355
2005
1356
3883
3986
5476
3372
5608
1247
5866
5358
2316
3514
3751
5299
5708
2105
5988
3645
5868
1052
2332
1996
994
4585
5883
1381
2919
88
873
4802
2942
1391
1256
4291
5260
3202
1050
3835
2132
1472
5226
1005
3392
4166
2999
662
1749
4021
5685
2193
4296
4220
397
658
4656
3926
2587
1397
5814
5139
178
3395
2359
126
3140
3807
3923
2663
1918
3099
511
2494
4390
416
4065
1708
4115
3381
3390
5547
5250
55
1609
5809
2529
1371
2354
2722
2387
532
999
2895
898
3705
5207
5721
1364
701
4058
4721
897
1496
2952
2522
1906
867
42
270
5589
3136
263
4811
5282
737
1157
5638
5388
5842
707
762
2262
5120
5465
2142
5055
2407
3570
3831
5343
374
5763
1569
4340
5225
4723
508
827
5117
5572
4821
1492
275
3274
89
2305
402
4778
363
3471
4186
1034
5253
5960
5098
5840
191
1636
3747
4930
4834
39
682
2252
3666
3076
847
5502
3852
1842
3191
2904
4571
5990
4582
2360
5766
4824
2805
1939
1909
5088
3146
109
842
2714
2439
4441
277
1320
2789
1922
5213
170
2170
3094
982
1179
564
164
4237
1535
549
3226
5555
4602
3882
1120
3524
714
3908
1297
3414
4743
1510
438
3920
3997
1037
597
4346
2314
4895
4183
765
2616
1991
4371
4084
1994
391
176
1838
1770
258
2620
2295
5951
1464
3995
1879
4204
446
3501
969
291
1409
2561
973
1763
2376
3673
3085
3417
3692
1461
3158
3556
4670
4673
4550
3697
4064
479
2235
33
5212
3936
4745
4103
3154
1012
2366
4531
4872
3271
4251
5914
5531
3520
698
3043
4650
1661
959
4073
5621
3845
4938
4668
1955
2972
4788
5652
2268
5984
2902
5442
3037
5644
133
644
5666
4649
2943
1310
3716
5318
3999
1443
1351
1181
5052
3974
3595
5058
1471
2438
4736
2736
5549
2580
1730
5276
3542
5177
2772
4283
3746
3628
3419
4887
4870
5720
1721
3239
615
5987
472
5888
4036
212
320
2089
2130
2852
1573
2261
845
5178
5310
1144
2202
467
4765
1468
2905
2505
5588
471
5097
4572
3623
1741
1567
1789
2454
3306
474
3238
4198
2117
3650
1611
1875
3486
5908
3480
3722
2910
5174
3348
5581
5776
3815
2674
481
2210
2128
2385
3446
5943
2241
3616
3772
1863
4334
1476
3313
3380
5035
1136
91
3141
2052
1493
5036
2843
5069
623
4144
1432
919
1252
4257
5357
4089
1892
788
2728
4428
1319
4507
3070
2087
3331
4210
4777
2217
5675
4599
2544
758
963
3267
497
2271
1129
4845
457
2488
2918
526
4
2941
2826
1100
403
974
4694
1407
352
1926
5109
3091
2833
4687
631
1792
590
2323
3820
1833
4176
1589
4465
3843
5366
4771
609
4053
4405
4246
75
3532
36
2222
5848
3515
179
95
3602
3363
2273
2375
2119
2055
3190
5892
949
1657
3079
4803
4374
1757
5964
1572
2585
2683
3098
4054
5005
3797
2311
1042
1755
773
4302
97
3886
2931
1017
4086
3412
4273
5612
1062
2253
3096
4533
3769
4699
3832
3889
314
4013
1799
4717
3351
3975
2628
189
581
5623
3427
5796
790
4629
232
3112
3644
676
1291
3081
364
4060
1505
684
3310
2238
2558
5571
102
2573
3566
2745
4892
4114
4933
2377
5613
4031
1423
5843
2947
5629
2196
4433
2103
619
2274
1174
4368
5624
1078
319
739
3297
583
3104
57
4785
5974
1508
3723
4386
1430
4855
1066
1083
5968
995
501
3387
5438
2069
4729
4553
646
5501
1901
4026
358
5726
5810
5970
1893
5123
3341
1597
1518
5175
5713
2038
2748
3036
4558
2967
4523
5046
5383
137
1849
3942
3228
2673
241
5753
236
4022
1109
2516
4665
4963
5664
779
3774
3881
2223
1732
5014
5524
4916
3075
5391
4410
4761
1437
4369
4727
3812
3759
4388
4030
4230
4590
856
3572
2618
1960
1317
5279
1917
5017
1261
4985
12
1537
3573
4498
3978
3345
2371
3719
2030
3211
5410
1318
5189
20
630
2762
5241
3335
718
4929
1830
2602
1046
3823
5506
407
2766
3356
1543
1088
5526
3145
2286
4546
1972
3787
1691
5291
4266
5630
5101
1240
70
651
792
444
1177
309
1692
1768
4781
4363
11
2968
2528
4941
240
3601
5739
2025
377
2818
484
2181
5619
5723
5198
2961
2964
372
5185
797
3282
506
5828
4869
3788
4903
3237
454
3262
1236
2946
3111
3824
2955
2643
1386
3025
3161
1905
445
4876
5065
2417
3813
5485
4909
1454
4968
5553
5222
2808
1930
3012
4442
3512
753
162
30
2140
3448
2064
687
1826
2276
1978
2416
4555
3220
5370
3001
769
789
5935
73
135
4969
1160
4090
1235
1412
3726
2930
836
3874
3539
1685
1113
5292
213
5902
104
5715
5586
3031
1694
2272
2997
4603
4750
253
3966
209
4782
3550
3107
1073
1798
4841
1544
5290
2189
5009
1346
1362
4158
4414
2179
2153
4165
222
927
1562
5221
5483
1942
525
5639
3735
4521
3809
1043
1588
5875
3690
3095
1598
5179
813
3162
1977
3213
4823
4865
1638
5108
642
4754
4480
5779
3965
2243
3560
1898
4914
2633
5191
4280
1495
4270
5727
5
5940
4416
313
2662
1132
4399
3051
4851
3551
551
5909
1358
3732
5853
4185
2203
730
3890
5344
1221
1605
2868
1944
328
776
2154
2576
