2546
3346
4234
2530
4423
1452
2642
3605
83
390
3361
1425
3908
1745
1005
2202
4657
2432
5101
5650
3632
5288
2855
4085
1718
346
2116
1944
5367
1331
1301
4729
2849
1553
3514
5206
1179
3091
3132
1905
3941
3832
5523
151
5203
2852
5841
452
5779
4566
4659
336
4282
2517
1527
1058
672
674
970
4921
1300
956
4789
2409
3166
2130
5972
1642
4994
4079
4400
1571
3921
4954
5106
2573
3189
176
4716
545
5925
5917
4252
5608
193
4512
1710
4230
2656
14
5295
4569
1701
1885
1484
934
5928
492
1844
2002
3847
1678
924
3893
1517
204
1078
5812
5183
4667
5344
730
5315
1558
32
1933
3682
1790
5009
4411
406
3561
3638
5940
5493
295
251
2984
1074
1219
2493
311
5604
63
6
590
5780
2751
5939
1773
3764
3579
2055
1492
2787
5705
1929
3833
600
3709
2305
5457
2320
2204
2340
2058
1755
3461
3109
3433
2115
1791
2507
3160
5148
4114
5293
419
1696
41
5420
375
5815
1398
4656
3345
5564
3077
3541
1990
1849
4952
5838
3199
4325
4422
2053
699
2518
3916
4625
1789
4255
5588
1222
1325
4591
2102
3516
3572
1776
3603
5130
3341
1669
5907
165
3148
4945
570
4049
4087
1761
1157
4432
5029
2143
1847
4792
2662
4335
4064
87
2158
3441
4326
3659
4755
4134
4260
5828
691
3618
5217
3524
912
75
5688
698
5423
1170
1894
1854
5760
418
2797
616
412
3036
852
4462
1769
2660
4538
3447
4616
2773
1887
1024
180
461
3059
1105
2889
2376
1361
2168
5945
2405
838
662
243
5406
5401
3356
3771
5560
3657
2262
5980
433
3792
5216
66
205
3593
1719
331
3425
5938
5060
2005
2618
2664
3035
2927
3237
3779
1293
2315
2482
1141
3607
1684
3806
2919
4970
1934
1594
2555
3243
254
2804
4524
2842
305
5454
1595
2760
2
5643
5473
651
552
5050
3137
1369
4152
496
3660
3538
1634
5202
3414
5421
1229
1518
2404
2821
1237
2151
5142
4963
684
5881
851
2810
819
4454
5166
4210
5962
1868
5001
2971
4933
5467
5425
231
2535
5232
5341
411
1902
4585
228
285
4461
487
4372
5849
4600
1931
3373
4983
5895
3420
5073
3651
3436
5408
5630
1494
3478
5096
2468
660
4556
4329
629
1039
2847
5168
2702
608
4209
4598
1047
1319
1099
2377
3839
921
2220
5613
5434
4690
3396
738
2771
4536
3757
3988
4786
806
2496
3942
1248
2134
5549
1065
2395
2838
5268
5971
4770
44
5039
5391
4238
5867
2477
2463
4648
3641
2385
3297
422
2140
1875
1987
1567
1318
4169
2514
3115
3710
927
4842
794
5143
1630
884
3501
4646
4035
2096
1048
3863
5999
3951
3095
603
5364
2562
4662
582
5694
4652
4279
4236
1090
4204
4434
5379
1165
4627
4733
2770
4619
529
1625
91
3629
294
70
4195
3401
410
783
4399
4742
192
4128
5456
4594
4684
5933
2476
2732
1502
1694
3384
1253
3181
3647
602
990
1066
2947
747
731
2144
2568
3655
4192
5539
1749
3419
1810
1608
2236
793
3511
918
2230
1530
828
1092
5759
5262
4586
400
1297
5919
2713
4824
4965
2785
2035
650
4328
2936
147
4532
1161
156
5996
3913
59
4194
5161
2066
5866
4247
3287
638
304
4677
3039
868
1556
591
2067
3347
3634
2827
514
526
3362
68
4030
5417
5805
2529
1051
2861
1
5509
5171
1055
5550
4020
2628
2251
1025
2326
5912
1650
1175
5011
495
387
2620
1061
5378
5405
3307
2177
2079
1927
5028
4856
329
4886
4012
2868
1806
1292
2458
4612
5527
432
4866
2955
3815
549
4743
831
2438
261
3600
1227
5786
3759
239
2304
1960
2499
114
4837
4245
2597
1560
2014
131
1564
2275
3639
1394
3992
4905
5519
1584
5376
1799
308
4011
756
5752
1166
3236
3080
3578
663
724
3241
4561
121
2789
5399
5651
1866
360
4691
1921
961
5874
4864
5573
4391
3610
256
2033
523
5605
605
1991
1458
217
2197
3613
3053
3984
4029
2484
1919
1619
2327
1054
2434
1405
1668
3310
3680
4170
2817
4405
229
4396
2088
4986
1834
5229
3869
3544
2798
5138
3717
2815
4233
840
4601
2640
233
3539
3255
612
5418
3139
5545
5532
5270
3797
5576
4367
4909
5296
4604
1060
347
3089
5869
3290
5230
2533
4859
5092
5426
3382
2423
5944
1136
3218
5123
278
739
2166
3599
5356
4709
578
2019
2625
1302
1546
1825
620
4250
1645
4009
3827
4902
1816
4189
4451
511
4447
2452
4200
915
4263
4697
2894
1720
1647
2145
891
2541
2895
413
2679
3300
5736
2192
1171
948
1146
5686
1836
873
4463
2313
3650
1449
3465
2353
5891
5769
2253
377
3252
2460
4268
271
2720
4519
2655
4930
623
4273
5783
4417
2511
4846
3451
4489
1702
1691
1510
3821
3319
5799
1320
1537
3335
992
983
4316
4794
1912
3500
1662
2406
4914
1103
97
2872
3028
4670
5566
4655
2574
1950
2663
3694
5684
641
543
3448
2209
2142
1412
5005
173
2691
5063
5847
3062
569
886
3970
2512
2851
3973
5698
4039
133
5178
3929
3882
2583
5570
5968
3359
1191
4197
4450
4526
2563
2860
3258
3221
2307
2080
4439
902
457
2772
3475
3702
1270
856
4222
2648
4181
5862
5238
436
5843
5034
1373
3560
5742
3301
3563
3712
2820
5816
5233
2324
4453
5192
3315
440
1346
4992
130
707
5920
5959
5792
354
2214
5500
1145
4202
4007
5695
2357
3784
378
2156
5471
2042
1845
2051
316
5104
135
184
2451
4564
4274
919
2393
1335
3086
2915
5806
2474
5089
1349
1252
2962
4996
4146
656
4409
3658
5403
1339
1271
5865
3202
82
3905
5979
811
3977
4248
1783
1440
4546
2845
5813
5046
4148
2188
4285
3184
4224
1524
1544
4343
79
4759
4818
3317
4898
559
566
290
525
2920
658
1748
1948
2892
3592
