4198
4705
921
3961
878
1302
4468
2397
5805
5971
1010
3390
5012
4001
5395
3584
0
2311
1394
2385
3826
1837
17
3158
1740
5426
1326
2967
5326
2022
3208
1621
2867
957
5040
3111
1520
3602
3906
2513
5063
1625
1353
5990
2248
2347
3762
3013
3599
5856
5108
3172
478
2622
1127
3017
5998
3926
1561
2074
281
128
1395
200
3812
4841
2686
3254
376
5014
2854
1984
5475
3301
772
1532
3352
31
5377
2457
2268
2050
2557
476
2292
1656
4530
5910
2039
4753
5459
2446
2004
5344
599
3493
2712
3186
2099
5172
5027
4107
2369
4165
5785
1885
5438
5571
5409
5602
3048
2765
2831
1158
2056
3272
4463
3925
3877
11
565
1708
2079
3863
2344
5007
968
2392
5231
5333
3021
3590
5642
5706
5289
3259
2966
5763
4286
1522
264
1669
3321
4250
2358
5493
2726
1873
590
1540
5097
1148
3930
3065
2412
4037
4697
2638
5797
3349
4079
4418
5151
5008
5860
3026
3267
2791
4749
1304
1237
3433
2331
218
4336
791
28
628
4237
3373
1679
2044
243
5985
4860
15
2103
1891
5684
4885
838
2621
5299
3799
4633
4579
5873
4397
1503
5340
4354
716
4422
897
882
5469
2042
3769
5791
589
5569
111
3979
2977
186
5410
5246
4727
5455
3043
263
2934
2601
669
1461
167
2404
1328
3746
4768
2097
5614
4053
5935
4835
3141
2362
3972
2161
556
3853
4160
1046
3858
519
4930
2750
4710
3609
4084
191
5953
1737
4442
3047
2676
5758
1798
869
808
4133
4132
2806
3231
1692
5867
1824
5999
1325
4894
2077
4868
3726
2720
2912
18
528
5966
3317
5834
328
3240
825
185
1833
2813
1755
44
2243
1895
5093
5321
3803
4721
2717
348
2753
4255
4095
3434
4138
581
1436
3132
5914
2421
383
2878
2130
5877
2896
4809
5323
2008
3848
539
3090
3706
1814
150
4205
5709
1093
2933
4016
2815
4644
4270
5454
4158
423
3929
821
2035
1951
3079
1476
5611
1364
5279
4496
4149
3401
3372
2707
5589
2083
2539
906
1605
38
1910
5930
5488
3767
1992
3221
2118
2382
5414
2221
4614
1172
933
449
999
1963
4827
5122
2225
4360
4598
594
2544
3644
1908
1438
4645
3376
3210
3691
3712
5349
1810
4951
1907
4507
4193
3463
3087
4116
818
2126
2812
3243
4431
2140
3770
5032
3160
2680
3880
2346
5258
923
1202
1985
2374
4624
1761
4797
1994
5937
1082
629
3072
2997
4480
4127
824
3895
4125
4465
951
4257
1645
4356
3002
3613
5111
1276
5505
577
1270
3232
3115
1972
2051
1785
1128
2191
448
1875
1293
4492
3496
2231
391
2803
1228
4646
1733
2828
5199
1164
100
4004
4593
1064
4853
5661
24
5312
1766
81
3219
441
4822
601
5950
4283
319
3567
2728
1481
4826
1210
2702
3529
5285
3480
3732
4990
5893
5984
5717
3550
5068
4943
3292
2677
5549
5092
1357
4630
1383
2024
5149
4847
5546
2309
2972
3039
4905
5616
2695
4124
5515
3655
1565
3918
5518
2368
5743
5227
3675
3088
1381
3370
5553
4342
2851
77
332
452
4851
136
4760
2742
2100
4110
755
2515
2434
2954
3689
2378
3780
5218
5485
163
4359
5083
3341
729
3570
4361
2176
5760
2203
3340
2560
389
943
3819
1603
4089
4007
1474
4611
4199
40
1435
4023
4742
164
438
2666
1962
5607
3411
4129
23
3030
5964
4086
4392
5178
2273
2031
2807
92
1848
5043
3641
880
5313
2943
3887
4292
4597
2817
787
4589
358
3540
916
3096
3615
888
2002
2898
1959
5807
1013
4880
2883
1166
4559
4939
2971
5338
2914
627
2768
4306
3892
3162
939
1889
2754
334
4940
457
937
3365
513
3954
2732
1440
5194
4034
2873
576
4985
2838
4590
1229
2528
918
1259
2994
1802
4818
4435
3128
5330
2955
4221
387
1883
258
57
1047
1937
26
22
5705
2836
3963
4899
742
1804
4248
2329
5434
828
1322
1198
5646
2151
4203
3475
3650
1232
1990
2907
146
5300
4067
3914
5977
2763
969
1072
114
3669
3844
1285
5200
3971
2731
1626
5140
526
2931
5609
5109
3056
5537
677
3331
2037
5154
1356
1574
2752
2210
4695
2802
4987
4434
2052
1754
2304
2318
2283
4278
2340
2884
5659
3131
816
5398
238
3821
4338
3631
1294
4358
2201
5408
2471
3561
245
420
4562
1617
5066
2716
5929
4223
3014
4813
5741
4767
614
1393
5564
1807
4035
514
4722
3223
2143
1676
1762
2705
4586
2023
2518
3444
3057
831
5886
4661
5180
2450
4955
5956
1636
2444
2084
149
1056
123
4071
3084
955
1471
4493
1201
2743
2651
408
1630
3990
210
68
2715
1065
1550
1497
3432
1482
2218
4235
4986
2546
711
3441
3078
2598
5396
4805
3164
2696
232
5413
5959
4177
3740
3187
5779
1939
5245
3354
4188
1813
2798
994
4914
723
3081
1102
607
5290
1627
2894
2531
3785
2120
4950
4941
5637
4051
4076
5944
4946
1861
4696
455
4523
3789
4740
1150
1132
2431
3229
5826
5461
4787
25
626
5103
2751
5002
1791
1986
2261
5422
4135
4454
3119
5919
3760
1838
1665
4017
5141
3322
3252
2122
1643
5528
4718
4413
5951
4074
3715
5284
5000
4508
2212
3062
3027
2987
2775
2799
4314
1196
1980
4100
4972
3234
4726
4325
4307
1826
3382
2661
5412
3270
34
3175
1538
3140
5055
684
5142
1700
145
1266
4109
3996
1668
1211
1995
1049
2111
879
881
1594
12
1872
1701
3199
4065
4494
3577
3750
1464
3152
4049
1820
2333
2514
3359
3337
1805
3268
3629
2923
365
3661
235
783
3941
2583
527
790
3837
4571
3491
1845
5610
1806
1525
767
3797
563
2028
2477
5080
4746
2469
2157
422
2003
1644
3275
3868
3524
5810
1252
3531
233
5714
1231
4407
4334
409
1397
3578
2756
4104
5514
486
4126
197
5759
413
4073
425
5987
5720
2578
2038
789
4254
424
2174
56
3311
2009
21
5105
3222
5754
5845
5725
3875
3982
252
1659
610
2823
668
5739
2390
5225
88
659
4345
4069
598
1778
122
1188
5495
1214
4490
5489
1706
4662
5424
2861
1841
5131
2629
5116
3884
4688
3959
5936
3406
2017
5942
3693
2619
384
768
5682
377
5764
3163
3912
1156
1727
5928
4989
303
1314
962
266
5170
773
5071
2190
712
3690
3738
3100
3604
5390
3106
5756
2057
2280
1347
1215
4607
4752
450
5745
1799
268
5237
3840
1195
5603
609
5287
2747
5773
4654
4849
3593
1213
2624
641
987
3001
3717
2182
1194
4966
1608
5633
5182
4339
591
1905
2186
1558
886
1922
5239
4474
5161
3345
2790
3494
2334
481
2113
3436
1512
4351
5838
1616
3653
2941
1249
1842
5772
4925
4298
3878
3457
1557
2014
2146
5892
290
2652
3264
749
2667
3807
649
4922
4324
4626
4776
625
1539
1726
1892
4561
4284
2089
3417
3758
37
4842
5830
430
3649
4509
2134
5747
5643
3775
3670
5197
3764
4367
4981
3298
4859
2381
5857
3279
4897
4204
2448
3786
127
4928
624
1251
2611
2338
884
2672
932
580
5359
4660
1675
1305
143
4916
5439
4430
2332
157
724
4265
3099
3896
3237
5456
4976
2745
1772
731
3942
5143
5770
2698
70
4111
1648
4128
970
3866
2059
3407
1769
3713
5675
3664
2061
5542
3944
4730
2206
3768
1029
4565
830
1021
3073
1957
779
3901
1677
2370
2027
1808
2522
905
1568
2069
4557
5733
725
3898
2615
5823
4817
1942
2761
1683
4756
958
3112
1181
5965
2253
1515
2460
3122
780
4136
1914
1491
5250
2356
3519
4693
3041
394
2889
5470
664
4038
5925
2932
5059
4984
788
1926
2926
4636
1227
1024
852
1418
2065
3520
2465
4437
5824
2974
1925
956
2215
4147
2483
3443
1952
1753
4647
730
202
4222
5236
4731
3040
2893
521
1618
5520
5220
1380
1583
3420
719
1968
2822
3801
292
5818
5861
4349
220
3753
4252
4676
4052
2762
5491
1929
890
3823
3094
2371
1100
324
2244
3833
4843
2703
1466
973
3304
3974
4997
5381
1068
2373
4651
535
329
3962
2293
871
1655
735
3517
531
5464
5719
2439
2944
1877
635
510
4453
5901
2466
1453
1991
3950
5460
5532
4534
3581
1543
432
5221
633
5444
1076
504
1633
1589
4374
3894
3792
5095
5006
4220
3830
3838
3091
3285
5184
5224
5757
569
4758
4867
512
4862
1843
3704
1663
5962
2032
2249
1917
5101
4091
3358
4993
774
2112
3935
3985
2236
4631
2844
1478
4288
1932
5496
4877
4725
2080
3127
4082
3541
5904
5527
4090
1108
3093
912
3063
860
2272
4681
1989
2276
2049
2723
3999
2399
2890
3196
1185
5940
5146
875
5853
1197
794
4370
1863
2865
5692
1946
2250
1042
5878
1868
4251
1570
747
1685
5846
4583
4269
3832
2576
5417
1800
4609
4502
4234
5115
3031
4829
4327
5331
3446
4712
4335
675
483
1104
309
1950
5728
646
2797
4848
2133
3598
67
2554
3889
1014
453
3023
4371
5324
1263
5982
2829
2784
5941
224
397
1582
5223
3137
2675
5774
2874
1319
289
2744
639
2604
2287
1028
161
4062
1575
2519
4604
5430
2846
5593
1345
3251
1272
3632
4401
1020
2949
5960
10
4792
5683
2655
3271
295
662
2312
4029
5315
2282
4511
2060
1456
1975
2372
3958
5718
4793
2989
5850
5711
205
2308
703
3568
313
4599
199
4527
4280
3835
5401
3677
1712
1760
5150
1427
1585
2406
5558
963
2012
2352
3622
3948
103
2098
978
240
3487
1966
1576
5416
2529
2315
4569
5645
1595
1193
3379
4836
3319
2086
4515
3984
212
1993
4194
4944
652
5205
5512
4388
4042
5900
2782
3336
5327
4608
98
1897
371
2154
2574
1084
1612
1157
3403
5689
3626
953
84
2905
4906
4081
5775
4224
1979
378
2590
5171
1623
1681
1801
4304
2627
5229
857
2816
4639
3777
1519
1533
3869
5021
5605
2970
1732
5690
5098
4754
5884
2591
4041
798
3191
4873
572
1715
2869
2170
2649
3120
3000
655
1402
5463
1122
5836
1987
3255
2263
3458
872
1335
3200
1945
5119
5354
3351
3335
2872
4628
259
1258
1763
2073
1200
5875
1943
2131
3952
2200
4455
4404
426
4330
3744
4677
3214
3380
4108
5898
3538
5926
5217
1511
1688
3024
254
4352
1179
606
4548
2026
4774
2850
5559
2778
3937
737
3324
785
2821
5665
3881
4949
1030
4790
4150
5963
3907
5556
3385
1964
5617
4166
3824
4008
902
2897
1489
2548
2163
3161
5870
4391
3903
5029
3174
5001
4189
2900
1107
2284
5435
694
4576
1935
5467
4908
540
1988
1787
2684
3276
395
1856
3735
3825
3166
822
1312
4362
2839
5355
3375
3288
4815
1530
776
3945
4701
195
1949
2555
4522
1141
1160
2495
4516
168
2809
5883
4970
4153
190
3320
746
5065
1781
2969
5329
1768
3597
1370
1542
4239
4617
1657
5644
4006
1793
2489
4757
5498
97
1847
832
2041
2746
4957
3955
2064
93
5947
462
499
5560
5288
5523
35
5107
2063
301
2129
1997
2324
1983
3422
3394
3074
5656
1117
992
5204
744
2673
3564
5017
2319
2396
5474
4458
5302
2741
2523
1915
4164
4047
2630
4185
5061
1886
4098
548
1586
2479
249
3302
1038
2610
498
4498
5015
3623
1549
5727
2289
2247
1728
920
1109
2217
3103
2317
2291
1647
2058
586
3986
5949
5234
5365
4297
308
621
1331
1240
667
2502
5829
4152
2984
1281
1341
1906
4680
1342
3554
1815
1662
5588
3893
546
2714
782
156
1048
2735
671
5069
2658
2860
988
1222
1221
5230
1619
3374
5427
4582
3636
4326
4018
1640
3927
991
3710
5129
3126
3544
5547
4302
5604
1682
5911
2758
4014
5608
2132
5835
2886
3843
972
1981
3061
33
2323
3566
678
2264
495
3482
4295
207
5175
3555
4061
2127
2119
3004
2147
883
1011
5254
5087
5583
1510
5561
3723
653
5552
461
764
5163
3086
4384
1622
184
1920
1579
1524
3916
293
3687
335
3591
4170
4869
2545
850
1035
3282
3495
341
3882
840
4920
1369
4683
2407
4773
592
3637
2708
5126
1449
4216
5687
4396
2187
644
482
2593
2626
1678
1794
5276
379
5894
1033
602
2657
645
3190
4649
3648
3168
4031
4214
2876
1204
3165
325
4145
5629
1071
5492
3692
3037
4274
3654
3522
1323
4687
5933
3149
4225
1124
2274
4514
2285
1710
61
5499
4155
5374
2139
19
2880
2868
170
2409
2138
3296
1455
927
2776
3921
271
1398
3855
1083
2400
3601
5734
20
1720
236
466
4871
701
4070
4911
5673
5519
4141
475
634
2826
4399
640
4506
568
3829
1890
5667
736
1743
3611
2951
5076
4519
4525
5625
1348
5954
1414
877
935
931
5623
5334
1404
2375
152
2428
3600
533
3627
3416
3479
630
4719
4209
3492
1846
4716
708
2458
2740
1292
5562
5458
3854
2452
2298
3836
398
1812
1301
5952
3514
2879
3018
2043
2090
1796
5574
620
5511
5370
4708
4553
5676
4915
1584
4587
3123
638
5348
3957
3245
132
1638
2910
544
751
1764
2511
2343
2055
5621
4443
4003
4912
2216
3469
4122
436
2938
4904
5594
1609
4568
211
2780
5130
5626
3793
3427
76
1934
3499
89
4845
500
1399
176
2594
2267
574
3579
1367
3468
3678
2141
4655
2953
4913
759
3633
1307
5339
71
663
1385
4572
3605
3842
1750
1092
855
5535
4400
355
5132
2908
3233
1572
864
5922
1112
4057
1855
1040
2510
3938
3464
4898
3045
1931
1900
5636
1400
5214
3067
78
2226
5970
1564
5799
2464
3518
5232
4998
3415
2335
5842
745
1131
4464
4900
3284
4219
4178
3562
5833
172
52
1902
4032
5713
4313
5813
3834
4363
349
3136
4978
1490
113
2508
3701
605
4481
854
2364
2380
359
2422
129
107
5070
187
4321
3718
1721
3170
2980
4414
2835
5074
4101
2722
189
182
700
5630
3897
2663
291
2533
5362
5769
4766
1233
5034
179
101
5451
1165
2644
4
2683
4386
2572
3198
4385
3280
4833
2542
2999
2536
2142
5114
2535
1857
1060
3923
5544
5695
5504
75
761
3828
5880
5044
3905
5811
496
1379
2730
5030
2459
507
1123
1445
4678
5367
5317
802
1880
1350
2294
5023
5152
5851
302
1168
3353
3748
1757
5216
4319
1613
1389
945
5121
2526
4484
203
1208
272
9
946
402
683
1174
4802
5453
4741
2925
5864
4163
50
1136
1428
2582
796
631
1420
1610
3430
5406
3920
3113
69
2462
4412
2188
3685
3241
2388
4475
807
583
3247
1629
5215
2552
2500
2367
4834
4077
566
2957
119
3176
437
1912
5724
3381
4570
3424
5876
1546
3399
4218
2480
4800
5156
2727
4372
4112
1741
709
3116
3860
214
372
4967
3831
3742
4734
4667
506
492
5486
1334
833
5378
5191
3400
4261
2805
5155
765
3183
1408
3595
2159
3105
1825
5755
5166
5582
2235
2620
1447
516
3333
5698
2085
5301
842
1017
2325
3121
4040
3032
5376
4410
400
1226
811
4770
2690
1143
3110
91
2492
4691
3700
934
1689
5304
5037
30
269
188
5890
1819
3346
1280
3739
2549
1909
5018
2632
733
2664
1052
2981
1774
5704
4232
87
5576
5497
4856
5360
2924
1744
2637
5655
982
1832
4299
3486
4229
3338
3774
1486
5088
315
5353
549
2930
1502
3534
4236
2441
5859
5048
913
925
388
3666
836
4977
1562
5397
1828
4520
4059
4804
257
3470
1225
255
4215
4353
5274
4692
2634
5393
4982
3810
3117
4717
3060
4000
1091
4075
405
2379
5669
718
1216
4387
3366
911
3616
4347
1271
3307
2475
2516
2819
1965
118
1177
2110
4445
5618
5341
3207
4064
1407
4277
5368
2959
4263
299
2648
4785
2067
1358
2341
2252
5513
3329
1977
5280
1500
14
5899
554
1167
5948
3180
279
4896
346
4446
1310
4350
5028
2169
181
5102
687
356
165
4715
1552
1279
5639
2104
5575
5358
4377
3080
1422
3277
1894
530
1480
529
3360
472
3274
2486
3886
1817
4964
5622
501
5072
1317
3328
866
3459
1967
3369
5983
4427
5776
2833
5517
1079
198
473
3151
739
5815
5164
5946
1528
1501
1268
5737
3530
1634
2662
4575
2734
756
4485
4180
1277
3049
4046
1695
4536
4807
3521
3796
307
1163
3488
4991
2295
4747
1485
1119
3619
4045
534
1822
1705
353
2956
147
1025
1005
5848
4267
159
4012
3783
2699
5974
2377
1253
4954
3503
2241
5286
3546
5854
2633
153
2265
2415
141
4602
960
3269
106
2561
5075
4448
5699
1384
2195
793
5261
5084
1220
5320
3806
1308
2936
5282
8
2543
2416
5421
3772
3708
4564
364
2207
4424
5003
1671
2832
691
2537
5201
4823
2209
4689
338
4078
4551
1646
5573
497
2185
4294
5465
2386
5525
2125
2149
1077
3808
1786
4772
1187
1121
3225
4206
2968
3334
49
564
155
4634
158
1300
1827
3068
3851
4983
1696
1147
4968
3888
4902
104
5931
4002
4825
1387
5158
7
2030
3409
4121
5551
3426
4632
4781
5677
3429
1590
1470
3177
1050
2935
5251
1135
2256
3250
223
4889
5335
2000
231
967
5635
5744
4276
2556
5579
5188
3805
522
2527
4005
3798
5248
1577
2302
3594
5993
5243
1573
2240
2093
4195
2474
3610
94
4700
1513
5781
4664
2453
1306
1709
3731
4665
3038
2922
5917
843
2882
4139
65
3428
2426
3773
1954
2384
3236
5703
3765
515
2605
4036
3933
2414
4097
1982
1758
311
4761
4603
1043
560
5443
3720
139
2476
1601
2796
2391
2584
900
769
3856
1265
5110
4635
792
1318
3007
4444
2870
4415
4408
5189
1548
3391
5440
4340
800
491
722
3501
570
3246
4497
1410
2737
3966
1658
4723
1316
4901
3924
3911
5483
3467
3928
5238
5895
5932
2454
4532
4566
3816
2654
429
1134
3817
2520
2034
1206
412
4567
2538
5827
5858
316
3473
1309
3010
5082
3557
428
3563
3036
3509
1734
3148
3209
1938
95
345
2602
2547
2852
771
5380
2419
1045
5885
5298
3205
4840
4684
1365
46
2425
5457
1971
4182
2640
3725
1551
3674
3156
5411
1053
5613
1256
2942
4011
2916
3135
3553
5905
72
3460
4724
2455
1523
1919
3450
1236
178
2255
1411
4656
4619
5715
2810
995
1458
5477
1693
4106
2117
276
5174
5619
2512
4174
5969
1571
3973
1283
4395
138
2777
3776
4512
5572
3384
4461
3192
502
2992
5585
4365
5379
670
596
3782
5162
4115
5388
5064
174
809
3195
4117
1493
5943
4436
1161
4172
221
2420
5179
5404
4934
2660
3879
446
300
2411
4462
4882
3484
4581
5125
444
5788
2919
2639
447
2525
3154
2562
4594
160
5185
3719
162
5269
608
1145
4735
4888
2355
2982
1488
1175
4808
3397
1425
3993
1219
3707
3339
4083
804
5041
2565
3204
2647
3815
96
3071
1223
5991
3028
4796
2305
2856
5060
239
3702
3101
1782
5570
4466
4240
323
253
124
1553
1569
4543
966
222
2048
5506
3260
4994
1853
1262
4183
2595
841
5557
4709
3453
5777
4438
1916
619
4704
5325
320
5356
477
1044
2106
1704
5481
4658
1015
2124
1508
3481
3747
889
55
537
3171
5939
4591
5343
4157
4650
3977
4627
611
2327
2580
1650
4343
3471
2892
2906
3330
5793
5137
5100
3988
1212
2964
4659
4854
615
5632
5476
1391
1089
3102
5253
5651
4429
5889
983
4816
4938
4971
2818
1246
3910
4300
1844
2162
3448
5047
2092
4811
894
2774
5437
2487
42
5924
1431
5663
584
5628
2179
3025
5796
2749
4176
5554
5233
2827
2091
5567
3143
5296
4759
434
3008
489
1475
2609
3630
3216
713
4878
5351
4328
5058
2811
5863
603
3968
887
5113
3202
1088
5534
2706
1789
4495
1840
1851
4143
1002
5275
726
4615
3238
2506
90
5447
4744
657
3308
4764
5026
5507
3125
1191
2423
3645
247
1535
1230
2173
1777
5862
4256
4531
2946
2478
154
5177
2152
4364
2040
4243
1094
4544
4114
5038
2631
1711
1463
5392
4755
2760
1278
763
2260
2070
5446
3181
3665
148
134
2585
848
3734
1725
4489
4637
5584
3069
3946
2961
3965
1969
637
4795
2137
2700
2571
938
3396
4405
1218
2297
835
3983
3722
1377
3696
2153
2541
3465
3902
686
3184
3258
4838
3857
1593
5198
5211
1355
1615
373
3515
1775
3218
1454
208
3253
1290
5271
403
1401
2257
4308
1620
1602
3643
5025
1363
36
917
5307
4641
4348
4383
357
4479
2213
1242
4513
3173
2911
1831
340
1113
5099
2066
5531
151
795
1180
2300
3755
4161
2430
1450
4895
4980
4381
2596
331
2045
3179
3698
3841
707
2234
3839
1190
4924
2246
3551
1130
2269
469
1224
5664
5909
2383
3672
847
3617
803
3265
1373
3992
4460
1457
2871
3419
5478
140
3022
3313
2864
964
965
4315
3639
3508
781
4233
3489
4105
2579
5597
2348
4179
274
1884
2875
1415
3533
2759
4538
4467
5915
1874
43
4423
4789
1588
3454
5487
2863
2281
5742
4477
5843
2607
5855
3697
4197
1536
337
2641
2363
5674
4921
1055
2114
837
4346
1086
1351
135
806
1484
5738
3716
2895
5318
5765
600
2921
2670
5293
463
5013
695
4711
3526
1111
5672
4402
4618
5802
3257
1960
4558
5176
367
2303
5306
1953
1999
2530
1087
1632
2470
3133
2230
2711
4213
1354
1239
4092
5500
1560
242
2029
2613
4009
1699
5305
5591
2172
4289
5968
947
1614
552
192
4554
2978
5606
2259
4903
4728
3874
361
3213
2965
3378
4784
5666
757
4918
1073
2509
1412
1544
2288
561
3547
1018
593
1267
949
3413
656
2795
3548
3552
3850
1527
3005
2577
1559
3642
2109
5442
1329
3994
2975
3565
1529
3097
4801
2976
1860
4931
5
1034
3588
431
5976
805
4932
1207
385
4230
4271
3618
3752
5078
344
350
2251
2767
4861
721
1492
4517
1090
5749
1371
1192
1337
1297
2227
4962
3315
442
246
4305
1096
2808
5436
480
1311
2472
110
417
3389
3449
3943
5596
1419
2233
5934
2719
5004
1442
5916
770
3477
823
3035
2694
4783
1978
1816
2438
4244
282
1719
676
5955
3527
750
5046
2913
4469
2687
2184
1803
5228
2
4852
3931
4478
3287
2524
2960
505
5203
4241
5822
2575
5751
1487
720
5702
5577
1566
4273
797
3059
5322
5746
2238
814
5828
4699
3667
754
5712
1433
1039
5005
2733
2456
654
3476
2770
5135
582
3356
2858
1716
5662
681
2194
4080
4162
555
5979
2005
288
4181
4786
16
3845
3507
5640
4588
891
2772
661
2540
3556
2087
4148
5295
1429
4947
5814
1241
3361
1739
144
3652
2848
4777
217
5660
4616
2581
3512
3745
2849
5400
4623
1459
4501
2350
3310
870
1036
3357
2445
2321
1970
5986
3347
4720
1599
5208
4208
5133
4368
5042
728
2443
5821
2902
4212
1526
4459
4021
2102
1000
665
5524
226
2018
908
5010
116
5471
1870
2825
974
3046
2401
5382
4471
3680
5888
3239
2901
3628
3431
1465
4068
5586
922
421
2437
2484
5479
1199
4296
706
5169
1441
2473
4238
294
327
401
4137
543
538
5193
1343
3044
693
5721
2076
396
3688
3582
5920
5641
5648
5292
997
260
1854
2171
4855
2433
2451
2597
3709
286
5311
4909
4702
1690
4782
5522
3686
3451
4173
1340
1703
4778
41
5723
5264
5472
5391
2088
4917
3410
2359
4673
2160
2881
1261
2025
2834
989
604
1702
3490
5049
1129
1473
3263
2586
3077
5085
2993
1660
928
2985
4995
863
2155
326
1375
2517
2646
3682
799
2681
636
166
3820
5024
2674
1830
360
1956
3456
1320
5316
4881
5595
1998
1352
5399
2053
4875
4919
1479
3153
5473
